pH values
12.9809
12.9809
12.9809
12.9809
12.9809
12.9809
12.9809
12.9809
12.9809
12.9809
12.9809
12.9809
12.9809
12.9809
12.9809
12.9809
12.9809
12.9809
12.9809
12.9809
12.9809
12.9809
12.9809
12.981
12.981
12.981
12.981
12.981
12.981
12.981
12.9811
12.9811
12.9811
12.9811
12.9812
12.9812
12.9812
12.9812
12.9813
12.9813
12.9813
12.9814
12.9814
12.9815
12.9816
12.9816
12.9817
12.9818
12.9819
12.9819
12.982
12.9821
12.9822
12.9823
12.9824
12.9825
12.9857
13.0669
13.2092
13.3294
13.3985
13.4257
13.437
13.4428
13.4462
13.4485
13.4501
13.4513
13.4523
13.4532
13.454
13.4547
13.4553
13.4558
13.4564
13.4569
13.4574
