Al C Ca Fe H K Mg Na Nit O S Si Zz Ca/Si Ratio
0 0 0.000131885 0 0.000338485 0 0 0 0 0.000470214 0 8.45435e-05 0 1.55997
0 0 0.000145384 0 0.000373131 0 0 0 0 0.000518344 0 9.31971e-05 0 1.55997
0 0 0.000162931 0 0.000418164 0 0 0 0 0.000580903 0 0.000104445 0 1.55997
0 0 0.000189206 0 0.000485599 0 0 0 0 0.000674583 0 0.000121288 0 1.55997
0 0 0.000224454 0 0.000576064 0 0 0 0 0.000800254 0 0.000143884 0 1.55997
0 0 0.000268813 0 0.000689913 0 0 0 0 0.00095841 0 0.00017232 0 1.55997
0 0 0.000322933 0 0.000828811 0 0 0 0 0.00115136 0 0.000207013 0 1.55997
0 0 0.000387805 0 0.000995305 0 0 0 0 0.00138265 0 0.000248598 0 1.55997
0 0 0.000464685 0 0.00119262 0 0 0 0 0.00165676 0 0.000297881 0 1.55997
0 0 0.000555091 0 0.00142465 0 0 0 0 0.00197909 0 0.000355835 0 1.55997
0 0 0.000660797 0 0.00169594 0 0 0 0 0.00235596 0 0.000423597 0 1.55997
0 0 0.000783869 0 0.00201181 0 0 0 0 0.00279476 0 0.000502491 0 1.55997
0 0 0.000926671 0 0.00237831 0 0 0 0 0.00330389 0 0.000594032 0 1.55997
0 0 0.00109193 0 0.00280244 0 0 0 0 0.00389308 0 0.000699967 0 1.55997
0 0 0.00128275 0 0.0032922 0 0 0 0 0.00457345 0 0.000822296 0 1.55997
0 0 0.00150271 0 0.00385673 0 0 0 0 0.00535767 0 0.000963297 0 1.55997
0 0 0.00175586 0 0.00450644 0 0 0 0 0.00626023 0 0.00112558 0 1.55997
0 0 0.00204685 0 0.00525326 0 0 0 0 0.00729771 0 0.00131211 0 1.55997
0 0 0.00238096 0 0.00611076 0 0 0 0 0.00848892 0 0.00152629 0 1.55997
0 0 0.00276421 0 0.00709438 0 0 0 0 0.00985534 0 0.00177197 0 1.55997
0 0 0.00320346 0 0.00822173 0 0 0 0 0.0114214 0 0.00205355 0 1.55997
0 0 0.00370652 0 0.00951283 0 0 0 0 0.013215 0 0.00237603 0 1.55997
0 0 0.00428226 0 0.0109905 0 0 0 0 0.0152677 0 0.0027451 0 1.55997
0 0 0.00494077 0 0.0126805 0 0 0 0 0.0176155 0 0.00316722 0 1.55997
0 0 0.00569349 0 0.0146124 0 0 0 0 0.0202992 0 0.00364975 0 1.55997
0 0 0.00655341 0 0.0168194 0 0 0 0 0.0233651 0 0.00420099 0 1.55997
0 0 0.0075353 0 0.0193394 0 0 0 0 0.0268659 0 0.00483042 0 1.55997
0 0 0.00865575 0 0.0222151 0 0 0 0 0.0308606 0 0.00554867 0 1.55997
0 0 0.00993366 0 0.0254948 0 0 0 0 0.0354168 0 0.00636786 0 1.55997
0 0 0.0113903 0 0.0292333 0 0 0 0 0.0406102 0 0.00730162 0 1.55997
0 0 0.0130496 0 0.033492 0 0 0 0 0.0465262 0 0.00836531 0 1.55997
0 0 0.0149386 0 0.03834 0 0 0 0 0.0532609 0 0.0095762 0 1.55997
0 0 0.0170875 0 0.0438553 0 0 0 0 0.0609227 0 0.0109538 0 1.55997
0 0 0.0195302 0 0.0501245 0 0 0 0 0.0696317 0 0.0125196 0 1.55997
0 0 0.0223044 0 0.0572444 0 0 0 0 0.0795225 0 0.014298 0 1.55997
0 0 0.0254519 0 0.0653227 0 0 0 0 0.0907446 0 0.0163157 0 1.55997
0 0 0.0290196 0 0.074479 0 0 0 0 0.103464 0 0.0186027 0 1.55997
0 0 0.0329488 0 0.0845634 0 0 0 0 0.117473 0 0.0211215 0 1.55997
0 0 0.0371295 0 0.0952931 0 0 0 0 0.132379 0 0.0238014 0 1.55997
0 0 0.041567 0 0.106682 0 0 0 0 0.1482 0 0.0266461 0 1.55997
0 0 0.0462654 0 0.118741 0 0 0 0 0.164952 0 0.0296579 0 1.55997
0 0 0.0512271 0 0.131475 0 0 0 0 0.182642 0 0.0328386 0 1.55997
0 0 0.056453 0 0.144887 0 0 0 0 0.201274 0 0.0361886 0 1.55997
0 0 0.0619423 0 0.158976 0 0 0 0 0.220845 0 0.0397075 0 1.55997
0 0 0.0676922 0 0.173733 0 0 0 0 0.241345 0 0.0433934 0 1.55997
0 0 0.0736981 0 0.189147 0 0 0 0 0.262758 0 0.0472434 0 1.55997
0 0 0.0799536 0 0.205202 0 0 0 0 0.285061 0 0.0512534 0 1.55997
0 0 0.0864508 0 0.221877 0 0 0 0 0.308226 0 0.0554184 0 1.55997
0 0 0.0931798 0 0.239147 0 0 0 0 0.332217 0 0.0597319 0 1.55997
0 0 0.10013 0 0.256984 0 0 0 0 0.356996 0 0.0641871 0 1.55997
0 0 0.107288 0 0.275357 0 0 0 0 0.382519 0 0.068776 0 1.55997
0 0 0.114634 0 0.29421 0 0 0 0 0.408709 0 0.0734849 0 1.55997
0 0 0.122134 0 0.313459 0 0 0 0 0.43545 0 0.0782929 0 1.55997
0 0 0.12977 0 0.333057 0 0 0 0 0.462675 0 0.0831879 0 1.55997
0 0 0.137524 0 0.352956 0 0 0 0 0.490318 0 0.0881581 0 1.55997
0 0 0.145374 0 0.373104 0 0 0 0 0.518307 0 0.0931905 0 1.55997
0 0 0.153303 0 0.393453 0 0 0 0 0.546575 0 0.098273 0 1.55997
0 0 0.16129 0 0.413953 0 0 0 0 0.575053 0 0.103393 0 1.55997
0 0 0.169317 0 0.434553 0 0 0 0 0.60367 0 0.108538 0 1.55998
0 0 0.177365 0 0.455207 0 0 0 0 0.632362 0 0.113697 0 1.55998
0 0 0.185417 0 0.475872 0 0 0 0 0.661068 0 0.118858 0 1.55999
0 0 0.193454 0 0.496501 0 0 0 0 0.689725 0 0.12401 0 1.55999
0 0 0.201463 0 0.517054 0 0 0 0 0.718277 0 0.129144 0 1.55999
0 0 0.209426 0 0.537492 0 0 0 0 0.746669 0 0.134248 0 1.55999
0 0 0.217331 0 0.557779 0 0 0 0 0.774851 0 0.139315 0 1.55999
0 0 0.225163 0 0.577881 0 0 0 0 0.802776 0 0.144336 0 1.55999
0 0 0.232911 0 0.597767 0 0 0 0 0.830401 0 0.149303 0 1.55999
0 0 0.240565 0 0.617409 0 0 0 0 0.857687 0 0.154209 0 1.55999
0 0 0.248112 0 0.63678 0 0 0 0 0.884596 0 0.159047 0 1.55999
0 0 0.255546 0 0.655858 0 0 0 0 0.911099 0 0.163812 0 1.55999
0 0 0.262857 0 0.674621 0 0 0 0 0.937165 0 0.168499 0 1.55999
0 0 0.270038 0 0.693053 0 0 0 0 0.962769 0 0.173102 0 1.55999
0 0 0.277084 0 0.711136 0 0 0 0 0.987889 0 0.177619 0 1.55999
0 0 0.283988 0 0.728856 0 0 0 0 1.01251 0 0.182045 0 1.55999
0 0 0.290748 0 0.746206 0 0 0 0 1.03661 0 0.186378 0 1.55999
0 0 0.297359 0 0.763172 0 0 0 0 1.06018 0 0.190616 0 1.55999
0 0 0.303818 0 0.779748 0 0 0 0 1.0832 0 0.194756 0 1.55999
