Al(SO4)+ Al(SO4)2- Al+3 AlO+ AlO2- AlO2H@ AlOH+2 AlHSiO3+2 AlSiO4- AlSiO5-3 Ca(CO3)@ Ca(HCO3)+ Ca(SO4)@ Ca+2 CaOH+ Ca(HSiO3)+ CaSiO3@ Fe(CO3)@ Fe(HCO3)+ Fe(HSO4)+ Fe(SO4)@ Fe+2 FeOH+ Fe(HSO4)+2 Fe(SO4)+ Fe(SO4)2- Fe+3 Fe2(OH)2+4 Fe3(OH)4+5 FeO+ FeO2- FeO2H@ FeOH+2 FeHSiO3+2 K(SO4)- K+ KOH@ Mg(CO3)@ Mg(HCO3)+ Mg+2 MgOH+ MgSO4@ Mg(HSiO3)+ MgSiO3@ Na(CO3)- Na(HCO3)@ Na(SO4)- Na+ NaOH@ HSiO3- Si4O10-4 SiO2@ SiO3-2 CO2@ CO3-2 HCO3- CH4@ H2@ N2@ O2@ S2O3-2 HSO3- SO3-2 HSO4- SO4-2 H2S@ HS- S-2 OH- H+ H2O@ 
0 0 0 1.12499e-26 5.26012e-13 1.14044e-19 1.24835e-33 0 3.76377e-18 2.28378e-17 5.55025e-06 1.26926e-10 0.00540438 0.00234854 0.00149831 3.98391e-08 3.32193e-05 0 0 0 0 0 0 0 0 0 0 0 0 1.48137e-23 1.56911e-13 1.33325e-17 1.1457e-32 0 0.0906414 0.336059 0.00814365 3.46663e-12 1.2771e-16 2.57609e-09 3.59586e-08 6.96322e-09 8.71766e-14 4.58725e-10 1.36411e-05 6.81095e-10 0.0300276 0.157244 0.00725994 3.53614e-06 5.06517e-18 1.79756e-09 3.8786e-06 2.47985e-15 1.53954e-05 1.40023e-08 0 0 0.000519654 0.000262952 0 0 0 5.21858e-13 0.125881 0 0 0 0.127013 1.40912e-13 0.984178 
0 0 0 5.44799e-23 2.54729e-09 5.52277e-16 6.04543e-30 0 1.82266e-14 1.1084e-13 5.55025e-06 1.26927e-10 0.00540438 0.00234857 0.00149831 3.98393e-08 3.32193e-05 0 0 0 5.42519e-34 2.64592e-34 3.21726e-31 0 0 0 0 0 0 8.3621e-20 8.85728e-10 7.52596e-14 6.46733e-29 0 0.0906453 0.336077 0.00814404 3.46664e-12 1.2771e-16 2.57612e-09 3.59588e-08 6.96322e-09 8.71772e-14 4.58725e-10 1.36391e-05 6.80998e-10 0.0300232 0.157222 0.0072589 3.53612e-06 5.08512e-18 1.79756e-09 3.87857e-06 2.47985e-15 1.53953e-05 1.40022e-08 0 0 0.000519654 0.000262953 0 0 0 5.21855e-13 0.12588 0 0 0 0.127012 1.40913e-13 0.984178 
0 0 0 5.43862e-23 2.54292e-09 5.51329e-16 6.03502e-30 0 1.81954e-14 1.10405e-13 5.55025e-06 1.26927e-10 0.00540438 0.00234855 0.00149831 3.98392e-08 3.32193e-05 0 0 0 8.63824e-34 4.21294e-34 5.12266e-31 0 0 0 0 0 0 1.33145e-19 1.4103e-09 1.19832e-13 1.02975e-28 0 0.0906454 0.336077 0.00814404 3.46663e-12 1.2771e-16 2.57611e-09 3.59587e-08 6.96322e-09 8.71769e-14 4.58725e-10 1.36394e-05 6.81009e-10 0.0300237 0.157225 0.00725902 3.53613e-06 5.0651e-18 1.79756e-09 3.87857e-06 2.47985e-15 1.53953e-05 1.40022e-08 0 0 0.000519654 0.000262953 0 0 0 5.21856e-13 0.12588 0 0 0 0.127012 1.40913e-13 0.984178 
0 0 0 5.42933e-23 2.53859e-09 5.50388e-16 6.02469e-30 0 1.81644e-14 1.10089e-13 5.55025e-06 1.26926e-10 0.00540438 0.00234854 0.00149831 3.98391e-08 3.32193e-05 0 0 0 1.09046e-33 5.31823e-34 6.46664e-31 0 0 0 0 0 0 1.68077e-19 1.78032e-09 1.51272e-13 1.29992e-28 0 0.0906454 0.336075 0.00814402 3.46663e-12 1.2771e-16 2.57609e-09 3.59586e-08 6.96322e-09 8.71767e-14 4.58725e-10 1.36398e-05 6.81028e-10 0.0300246 0.157229 0.00725922 3.53613e-06 5.0546e-18 1.79756e-09 3.87859e-06 2.47985e-15 1.53954e-05 1.40022e-08 0 0 0.000519654 0.000262954 0 0 0 5.21857e-13 0.12588 0 0 0 0.127012 1.40912e-13 0.984178 
0 0 0 5.42256e-23 2.53538e-09 5.49697e-16 6.01726e-30 0 1.81414e-14 1.10077e-13 5.55025e-06 1.26928e-10 0.00540437 0.0023486 0.00149832 3.98395e-08 3.32193e-05 0 0 0 1.2287e-33 5.99256e-34 7.2865e-31 0 0 0 0 0 0 1.89386e-19 2.006e-09 1.70448e-13 1.46474e-28 0 0.09064 0.336061 0.00814361 3.46663e-12 1.27711e-16 2.57615e-09 3.5959e-08 6.96321e-09 8.71774e-14 4.58725e-10 1.36399e-05 6.81041e-10 0.030025 0.157233 0.00725937 3.53611e-06 5.06505e-18 1.79755e-09 3.87854e-06 2.47984e-15 1.53952e-05 1.40021e-08 0 0 0.000519654 0.000262954 0 0 0 5.21853e-13 0.125879 0 0 0 0.127012 1.40914e-13 0.984178 
0 0 0 5.41719e-23 2.53296e-09 5.49163e-16 6.01115e-30 0 1.81241e-14 1.09974e-13 5.55025e-06 1.26925e-10 0.00540438 0.00234849 0.00149829 3.98387e-08 3.32194e-05 0 0 0 1.32579e-33 6.46582e-34 7.86213e-31 0 0 0 0 0 0 2.04348e-19 2.16455e-09 1.83918e-13 1.58042e-28 0 0.0906471 0.336075 0.00814411 3.46663e-12 1.27708e-16 2.57604e-09 3.59583e-08 6.96322e-09 8.71758e-14 4.58726e-10 1.36407e-05 6.81069e-10 0.0300267 0.157237 0.00725967 3.53616e-06 5.06523e-18 1.79756e-09 3.87864e-06 2.47984e-15 1.53956e-05 1.40023e-08 0 0 0.000519654 0.000262954 0 0 0 5.21861e-13 0.125882 0 0 0 0.127013 1.40911e-13 0.984178 
0 0 0 5.41279e-23 2.53091e-09 5.48717e-16 6.00625e-30 0 1.81094e-14 1.09885e-13 5.55025e-06 1.26925e-10 0.00540438 0.00234849 0.00149829 3.98387e-08 3.32193e-05 0 0 0 1.40075e-33 6.83138e-34 8.30665e-31 0 0 0 0 0 0 2.15902e-19 2.28693e-09 1.94316e-13 1.66977e-28 0 0.0906461 0.33607 0.008144 3.46663e-12 1.27708e-16 2.57603e-09 3.59582e-08 6.96322e-09 8.71757e-14 4.58726e-10 1.36412e-05 6.81093e-10 0.0300278 0.157242 0.00725992 3.53617e-06 5.06524e-18 1.79756e-09 3.87865e-06 2.47984e-15 1.53956e-05 1.40024e-08 0 0 0.000519653 0.000262954 0 0 0 5.21862e-13 0.125882 0 0 0 0.127014 1.40911e-13 0.984178 
0 0 0 5.40895e-23 2.52914e-09 5.48331e-16 6.00196e-30 0 1.80967e-14 1.09809e-13 5.55025e-06 1.26924e-10 0.00540438 0.00234846 0.00149828 3.98385e-08 3.32194e-05 0 0 0 1.4623e-33 7.13144e-34 8.67156e-31 0 0 0 0 0 0 2.25386e-19 2.38742e-09 2.02854e-13 1.74311e-28 0 0.0906468 0.33607 0.00814403 3.46663e-12 1.27708e-16 2.576e-09 3.5958e-08 6.96322e-09 8.71753e-14 4.58726e-10 1.36418e-05 6.8112e-10 0.0300291 0.157247 0.0072602 3.53618e-06 5.06531e-18 1.79756e-09 3.87868e-06 2.47984e-15 1.53957e-05 1.40024e-08 0 0 0.000519653 0.000262955 0 0 0 5.21864e-13 0.125883 0 0 0 0.127014 1.4091e-13 0.984177 
0 0 0 5.40551e-23 2.52755e-09 5.47986e-16 5.9981e-30 0 1.80854e-14 1.0974e-13 5.55025e-06 1.26924e-10 0.00540438 0.00234843 0.00149827 3.98382e-08 3.32194e-05 0 0 0 1.51498e-33 7.38826e-34 8.98391e-31 0 0 0 0 0 0 2.33505e-19 2.47344e-09 2.10162e-13 1.80589e-28 0 0.090647 0.336067 0.00814401 3.46663e-12 1.27707e-16 2.57596e-09 3.59578e-08 6.96323e-09 8.71748e-14 4.58726e-10 1.36424e-05 6.8115e-10 0.0300305 0.157253 0.00726053 3.53619e-06 5.06532e-18 1.79756e-09 3.8787e-06 2.47984e-15 1.53958e-05 1.40025e-08 0 0 0.000519653 0.000262955 0 0 0 5.21866e-13 0.125884 0 0 0 0.127015 1.40909e-13 0.984177 
0 0 0 5.40237e-23 2.52611e-09 5.4767e-16 5.99457e-30 0 1.8075e-14 1.09678e-13 5.55025e-06 1.26923e-10 0.00540439 0.0023484 0.00149827 3.9838e-08 3.32194e-05 0 0 0 1.56144e-33 7.61477e-34 9.2594e-31 0 0 0 0 0 0 2.40665e-19 2.54932e-09 2.16608e-13 1.86126e-28 0 0.0906476 0.336066 0.00814403 3.46663e-12 1.27706e-16 2.57594e-09 3.59576e-08 6.96323e-09 8.71743e-14 4.58726e-10 1.36432e-05 6.81183e-10 0.0300322 0.15726 0.00726088 3.53621e-06 5.07076e-18 1.79756e-09 3.87874e-06 2.47984e-15 1.53959e-05 1.40025e-08 0 0 0.000519653 0.000262956 0 0 0 5.21869e-13 0.125885 0 0 0 0.127015 1.40908e-13 0.984177 
0 0 0 5.39943e-23 2.52477e-09 5.47376e-16 5.99125e-30 0 1.80655e-14 1.09621e-13 5.55025e-06 1.26922e-10 0.00540439 0.00234836 0.00149825 3.98378e-08 3.32194e-05 0 0 0 1.60335e-33 7.81901e-34 9.50783e-31 0 0 0 0 0 0 2.47123e-19 2.61775e-09 2.22421e-13 1.91118e-28 0 0.0906482 0.336064 0.00814404 3.46663e-12 1.27705e-16 2.57589e-09 3.59574e-08 6.96323e-09 8.71737e-14 4.58726e-10 1.3644e-05 6.8122e-10 0.030034 0.157268 0.00726128 3.53623e-06 5.06547e-18 1.79756e-09 3.87877e-06 2.47984e-15 1.53961e-05 1.40026e-08 0 0 0.000519652 0.000262957 0 0 0 5.21872e-13 0.125886 0 0 0 0.127016 1.40907e-13 0.984177 
0 0 0 5.39665e-23 2.5235e-09 5.47098e-16 5.98812e-30 0 1.80564e-14 1.09566e-13 5.55025e-06 1.26921e-10 0.00540439 0.00234832 0.00149824 3.98375e-08 3.32194e-05 0 0 0 1.6418e-33 8.00637e-34 9.73575e-31 0 0 0 0 0 0 2.53047e-19 2.68054e-09 2.27755e-13 1.95698e-28 0 0.0906486 0.336061 0.00814402 3.46663e-12 1.27704e-16 2.57585e-09 3.59571e-08 6.96323e-09 8.71731e-14 4.58726e-10 1.36449e-05 6.81262e-10 0.030036 0.157276 0.00726173 3.53625e-06 5.06553e-18 1.79756e-09 3.87881e-06 2.47984e-15 1.53962e-05 1.40027e-08 0 0 0.000519652 0.000262958 0 0 0 5.21875e-13 0.125888 0 0 0 0.127017 1.40906e-13 0.984177 
0 0 0 5.39399e-23 2.5223e-09 5.46833e-16 5.98511e-30 0 1.80478e-14 1.09515e-13 5.55025e-06 1.2692e-10 0.00540439 0.00234828 0.00149823 3.98372e-08 3.32194e-05 0 0 0 1.67755e-33 8.18056e-34 9.94766e-31 0 0 0 0 0 0 2.58555e-19 2.73893e-09 2.32715e-13 1.99955e-28 0 0.0906491 0.336058 0.00814402 3.46663e-12 1.27703e-16 2.57581e-09 3.59568e-08 6.96324e-09 8.71724e-14 4.58726e-10 1.36459e-05 6.81309e-10 0.0300383 0.157286 0.00726223 3.53627e-06 5.06561e-18 1.79756e-09 3.87885e-06 2.47984e-15 1.53964e-05 1.40028e-08 0 0 0.000519651 0.000262959 0 0 0 5.21878e-13 0.125889 0 0 0 0.127017 1.40905e-13 0.984177 
0 0 0 5.39144e-23 2.52114e-09 5.46579e-16 5.98224e-30 0 1.80395e-14 1.09466e-13 5.55025e-06 1.26919e-10 0.00540439 0.00234824 0.00149822 3.98368e-08 3.32194e-05 0 0 0 1.71116e-33 8.34432e-34 1.01469e-30 0 0 0 0 0 0 2.63733e-19 2.79382e-09 2.37377e-13 2.03958e-28 0 0.0906498 0.336055 0.00814402 3.46664e-12 1.27702e-16 2.57577e-09 3.59565e-08 6.96325e-09 8.71719e-14 4.58727e-10 1.36471e-05 6.81361e-10 0.0300408 0.157296 0.00726279 3.5363e-06 5.06586e-18 1.79756e-09 3.8789e-06 2.47984e-15 1.53966e-05 1.40029e-08 0 0 0.000519651 0.00026296 0 0 0 5.21882e-13 0.125891 0 0 0 0.127018 1.40904e-13 0.984176 
0 0 0 5.39096e-23 2.52099e-09 5.46539e-16 5.98155e-30 0 1.80384e-14 1.0946e-13 5.55025e-06 1.26917e-10 0.0054044 0.00234815 0.00149819 3.98362e-08 3.32194e-05 0 0 0 1.71659e-33 8.37048e-34 1.01789e-30 0 0 0 0 0 0 2.64567e-19 2.80274e-09 2.38131e-13 2.04598e-28 0 0.0906526 0.336056 0.00814416 3.46663e-12 1.277e-16 2.57566e-09 3.59559e-08 6.96325e-09 8.71703e-14 4.58727e-10 1.36485e-05 6.81421e-10 0.0300438 0.157308 0.00726343 3.53634e-06 5.06581e-18 1.79756e-09 3.87898e-06 2.47984e-15 1.53969e-05 1.4003e-08 0 0 0.00051965 0.000262961 0 0 0 5.21888e-13 0.125893 0 0 0 0.12702 1.40901e-13 0.984176 
0 0 0 5.39093e-23 2.52101e-09 5.4654e-16 5.98146e-30 0 1.80385e-14 1.09462e-13 5.55025e-06 1.26916e-10 0.0054044 0.00234811 0.00149818 3.98359e-08 3.32194e-05 0 0 0 1.71659e-33 8.37035e-34 1.01788e-30 0 0 0 0 0 0 2.64565e-19 2.80276e-09 2.38132e-13 2.04595e-28 0 0.0906516 0.336048 0.00814403 3.46663e-12 1.27699e-16 2.57562e-09 3.59557e-08 6.96325e-09 8.71697e-14 4.58727e-10 1.36498e-05 6.81483e-10 0.0300468 0.157321 0.00726409 3.53636e-06 5.06588e-18 1.79756e-09 3.87902e-06 2.47984e-15 1.5397e-05 1.40031e-08 0 0 0.000519649 0.000262963 0 0 0 5.21891e-13 0.125894 0 0 0 0.12702 1.409e-13 0.984176 
0 0 0 5.39088e-23 2.52104e-09 5.46542e-16 5.98132e-30 0 1.80388e-14 1.09464e-13 5.55025e-06 1.26914e-10 0.0054044 0.00234805 0.00149817 3.98354e-08 3.32195e-05 0 0 0 1.71659e-33 8.37011e-34 1.01787e-30 0 0 0 0 0 0 2.64562e-19 2.80278e-09 2.38132e-13 2.04589e-28 0 0.0906523 0.336043 0.00814401 3.46663e-12 1.27697e-16 2.57555e-09 3.59552e-08 6.96325e-09 8.71686e-14 4.58727e-10 1.36513e-05 6.81554e-10 0.0300502 0.157336 0.00726485 3.53639e-06 5.05939e-18 1.79756e-09 3.87908e-06 2.47984e-15 1.53972e-05 1.40032e-08 0 0 0.000519648 0.000262964 0 0 0 5.21896e-13 0.125896 0 0 0 0.127022 1.40899e-13 0.984175 
0 0 0 5.39082e-23 2.52108e-09 5.46544e-16 5.98113e-30 0 1.80391e-14 1.09467e-13 5.55025e-06 1.26912e-10 0.00540441 0.00234797 0.00149814 3.98348e-08 3.32195e-05 0 0 0 1.71667e-33 8.37021e-34 1.0179e-30 0 0 0 0 0 0 2.64571e-19 2.80296e-09 2.38143e-13 2.04592e-28 0 0.0906538 0.336039 0.00814404 3.46663e-12 1.27695e-16 2.57546e-09 3.59547e-08 6.96326e-09 8.71673e-14 4.58727e-10 1.36531e-05 6.81633e-10 0.0300541 0.157352 0.0072657 3.53644e-06 5.06611e-18 1.79756e-09 3.87916e-06 2.47984e-15 1.53975e-05 1.40034e-08 0 0 0.000519647 0.000262967 0 0 0 5.21902e-13 0.125899 0 0 0 0.127023 1.40896e-13 0.984175 
0 0 0 5.39079e-23 2.52111e-09 5.46546e-16 5.98102e-30 0 1.80393e-14 1.0947e-13 5.55025e-06 1.26911e-10 0.00540441 0.00234792 0.00149813 3.98344e-08 3.32195e-05 0 0 0 1.71659e-33 8.36961e-34 1.01784e-30 0 0 0 0 0 0 2.64556e-19 2.80285e-09 2.38132e-13 2.04578e-28 0 0.0906528 0.336029 0.00814388 3.46663e-12 1.27694e-16 2.57541e-09 3.59543e-08 6.96326e-09 8.71664e-14 4.58728e-10 1.36549e-05 6.81718e-10 0.0300581 0.15737 0.0072666 3.53647e-06 5.06624e-18 1.79756e-09 3.87922e-06 2.47984e-15 1.53978e-05 1.40035e-08 0 0 0.000519646 0.000262969 0 0 0 5.21907e-13 0.125901 0 0 0 0.127024 1.40895e-13 0.984175 
0 0 0 5.39067e-23 2.52119e-09 5.46551e-16 5.98067e-30 0 1.80399e-14 1.09476e-13 5.55025e-06 1.26907e-10 0.00540442 0.00234776 0.00149808 3.98332e-08 3.32195e-05 0 0 0 1.71659e-33 8.36903e-34 1.01781e-30 0 0 0 0 0 0 2.64548e-19 2.80292e-09 2.38133e-13 2.04564e-28 0 0.0906593 0.336035 0.00814427 3.46663e-12 1.2769e-16 2.57523e-09 3.59532e-08 6.96327e-09 8.71638e-14 4.58728e-10 1.36573e-05 6.81821e-10 0.0300634 0.157389 0.00726771 3.53655e-06 5.06647e-18 1.79756e-09 3.87937e-06 2.47984e-15 1.53984e-05 1.40038e-08 0 0 0.000519645 0.000262972 0 0 0 5.21919e-13 0.125906 0 0 0 0.127027 1.40891e-13 0.984174 
0 0 0 5.39063e-23 2.52122e-09 5.46553e-16 5.98055e-30 0 1.80401e-14 1.09285e-13 5.55025e-06 1.26906e-10 0.00540442 0.0023477 0.00149807 3.98328e-08 3.32195e-05 0 0 0 1.71659e-33 8.36882e-34 1.0178e-30 0 0 0 0 0 0 2.64546e-19 2.80294e-09 2.38133e-13 2.0456e-28 0 0.090657 0.33602 0.00814399 3.46663e-12 1.27689e-16 2.57517e-09 3.59529e-08 6.96328e-09 8.71629e-14 4.58728e-10 1.36595e-05 6.81925e-10 0.0300682 0.157411 0.00726882 3.53658e-06 5.05058e-18 1.79756e-09 3.87942e-06 2.47984e-15 1.53986e-05 1.40039e-08 0 0 0.000519643 0.000262975 0 0 0 5.21923e-13 0.125908 0 0 0 0.127028 1.40889e-13 0.984174 
0 0 0 5.39055e-23 2.52128e-09 5.46556e-16 5.98029e-30 0 1.80405e-14 1.09483e-13 5.55025e-06 1.26903e-10 0.00540443 0.00234759 0.00149804 3.9832e-08 3.32196e-05 0 0 0 1.71659e-33 8.3684e-34 1.01777e-30 0 0 0 0 0 0 2.6454e-19 2.80299e-09 2.38133e-13 2.0455e-28 0 0.0906585 0.336012 0.00814398 3.46663e-12 1.27686e-16 2.57505e-09 3.59521e-08 6.96329e-09 8.71611e-14 4.58729e-10 1.36621e-05 6.82043e-10 0.030074 0.157435 0.00727008 3.53663e-06 5.06676e-18 1.79756e-09 3.87953e-06 2.47983e-15 1.5399e-05 1.40041e-08 0 0 0.000519642 0.000262978 0 0 0 5.21932e-13 0.125911 0 0 0 0.12703 1.40886e-13 0.984173 
0 0 0 5.39047e-23 2.52134e-09 5.4656e-16 5.98003e-30 0 1.8041e-14 1.09488e-13 5.55025e-06 1.269e-10 0.00540444 0.00234747 0.001498 3.98311e-08 3.32196e-05 0 0 0 1.71658e-33 8.36796e-34 1.01775e-30 0 0 0 0 0 0 2.64535e-19 2.80305e-09 2.38133e-13 2.0454e-28 0 0.0906602 0.336005 0.00814398 3.46664e-12 1.27683e-16 2.57492e-09 3.59513e-08 6.9633e-09 8.71591e-14 4.58729e-10 1.3665e-05 6.82175e-10 0.0300804 0.157462 0.00727149 3.5367e-06 5.06699e-18 1.79756e-09 3.87966e-06 2.47983e-15 1.53995e-05 1.40044e-08 0 0 0.00051964 0.000262982 0 0 0 5.21942e-13 0.125915 0 0 0 0.127032 1.40883e-13 0.984173 
0 0 0 5.39037e-23 2.52141e-09 5.46564e-16 5.97972e-30 0 1.80415e-14 1.09493e-13 5.55025e-06 1.26896e-10 0.00540444 0.00234733 0.00149796 3.983e-08 3.32196e-05 0 0 0 1.71659e-33 8.36748e-34 1.01772e-30 0 0 0 0 0 0 2.6453e-19 2.80313e-09 2.38135e-13 2.04529e-28 0 0.090662 0.335995 0.00814397 3.46663e-12 1.2768e-16 2.57477e-09 3.59503e-08 6.96331e-09 8.71569e-14 4.5873e-10 1.36681e-05 6.8232e-10 0.0300875 0.157492 0.00727304 3.53677e-06 5.0672e-18 1.79756e-09 3.87979e-06 2.47983e-15 1.54e-05 1.40046e-08 0 0 0.000519637 0.000262987 0 0 0 5.21953e-13 0.12592 0 0 0 0.127035 1.40879e-13 0.984172 
0 0 0 5.39026e-23 2.52149e-09 5.46569e-16 5.97939e-30 0 1.80421e-14 1.095e-13 5.55025e-06 1.26893e-10 0.00540445 0.00234719 0.00149792 3.98289e-08 3.32197e-05 0 0 0 1.71658e-33 8.36689e-34 1.01769e-30 0 0 0 0 0 0 2.64521e-19 2.80318e-09 2.38134e-13 2.04516e-28 0 0.0906639 0.335985 0.00814395 3.46663e-12 1.27676e-16 2.57461e-09 3.59493e-08 6.96332e-09 8.71545e-14 4.5873e-10 1.36717e-05 6.8248e-10 0.0300952 0.157524 0.00727475 3.53685e-06 5.06747e-18 1.79756e-09 3.87994e-06 2.47983e-15 1.54005e-05 1.40049e-08 0 0 0.000519635 0.000262992 0 0 0 5.21964e-13 0.125925 0 0 0 0.127038 1.40875e-13 0.984171 
0 0 0 5.39014e-23 2.52158e-09 5.46574e-16 5.97903e-30 0 1.80427e-14 1.09507e-13 5.55025e-06 1.26889e-10 0.00540446 0.00234703 0.00149787 3.98277e-08 3.32197e-05 0 0 0 1.71657e-33 8.36628e-34 1.01765e-30 0 0 0 0 0 0 2.64514e-19 2.80326e-09 2.38135e-13 2.04502e-28 0 0.0906662 0.335974 0.00814394 3.46664e-12 1.27672e-16 2.57443e-09 3.59482e-08 6.96333e-09 8.71518e-14 4.58731e-10 1.36755e-05 6.82656e-10 0.0301038 0.15756 0.00727663 3.53693e-06 5.06777e-18 1.79756e-09 3.8801e-06 2.47983e-15 1.54012e-05 1.40053e-08 0 0 0.000519632 0.000262998 0 0 0 5.21977e-13 0.12593 0 0 0 0.127041 1.4087e-13 0.98417 
0 0 0 5.39001e-23 2.52167e-09 5.4658e-16 5.97862e-30 0 1.80434e-14 1.09514e-13 5.55025e-06 1.26884e-10 0.00540447 0.00234684 0.00149782 3.98264e-08 3.32198e-05 0 0 0 1.71657e-33 8.3656e-34 1.01761e-30 0 0 0 0 0 0 2.64505e-19 2.80334e-09 2.38136e-13 2.04486e-28 0 0.0906686 0.335962 0.00814393 3.46664e-12 1.27667e-16 2.57423e-09 3.5947e-08 6.96334e-09 8.71488e-14 4.58731e-10 1.36798e-05 6.8285e-10 0.0301132 0.157599 0.00727871 3.53703e-06 5.07317e-18 1.79756e-09 3.88028e-06 2.47982e-15 1.54019e-05 1.40056e-08 0 0 0.000519628 0.000263005 0 0 0 5.21992e-13 0.125936 0 0 0 0.127044 1.40865e-13 0.98417 
0 0 0 5.38987e-23 2.52178e-09 5.46586e-16 5.97818e-30 0 1.80441e-14 1.09522e-13 5.55025e-06 1.26879e-10 0.00540448 0.00234665 0.00149776 3.98249e-08 3.32198e-05 0 0 0 1.71656e-33 8.36484e-34 1.01757e-30 0 0 0 0 0 0 2.64496e-19 2.80343e-09 2.38136e-13 2.04469e-28 0 0.0906713 0.335949 0.00814392 3.46664e-12 1.27662e-16 2.57401e-09 3.59456e-08 6.96335e-09 8.71456e-14 4.58732e-10 1.36845e-05 6.83063e-10 0.0301236 0.157643 0.00728098 3.53713e-06 5.07725e-18 1.79756e-09 3.88048e-06 2.47982e-15 1.54026e-05 1.4006e-08 0 0 0.000519624 0.000263013 0 0 0 5.22007e-13 0.125942 0 0 0 0.127048 1.4086e-13 0.984169 
0 0 0 5.38972e-23 2.52189e-09 5.46592e-16 5.97771e-30 0 1.80449e-14 1.09531e-13 5.55025e-06 1.26874e-10 0.00540449 0.00234644 0.0014977 3.98233e-08 3.32199e-05 0 0 0 1.71656e-33 8.36406e-34 1.01752e-30 0 0 0 0 0 0 2.64487e-19 2.80354e-09 2.38137e-13 2.04452e-28 0 0.0906736 0.335933 0.00814386 3.46663e-12 1.27657e-16 2.57378e-09 3.59442e-08 6.96337e-09 8.71421e-14 4.58733e-10 1.36896e-05 6.83296e-10 0.0301349 0.15769 0.00728348 3.53724e-06 5.06877e-18 1.79756e-09 3.88068e-06 2.47982e-15 1.54034e-05 1.40064e-08 0 0 0.00051962 0.000263022 0 0 0 5.22024e-13 0.125949 0 0 0 0.127052 1.40854e-13 0.984168 
0 0 0 5.38954e-23 2.52202e-09 5.466e-16 5.97716e-30 0 1.80459e-14 1.09541e-13 5.55025e-06 1.26868e-10 0.00540451 0.00234619 0.00149763 3.98214e-08 3.32199e-05 0 0 0 1.71655e-33 8.36309e-34 1.01746e-30 0 0 0 0 0 0 2.64474e-19 2.80364e-09 2.38137e-13 2.0443e-28 0 0.0906775 0.335919 0.00814389 3.46664e-12 1.27651e-16 2.57351e-09 3.59425e-08 6.96339e-09 8.7138e-14 4.58733e-10 1.36952e-05 6.83553e-10 0.0301474 0.157743 0.00728623 3.53737e-06 5.06919e-18 1.79757e-09 3.88093e-06 2.47982e-15 1.54044e-05 1.40069e-08 0 0 0.000519615 0.000263033 0 0 0 5.22044e-13 0.125957 0 0 0 0.127056 1.40847e-13 0.984166 
0 0 0 5.38936e-23 2.52216e-09 5.46609e-16 5.97659e-30 0 1.80469e-14 1.09552e-13 5.55025e-06 1.26861e-10 0.00540452 0.00234593 0.00149756 3.98195e-08 3.322e-05 0 0 0 1.71654e-33 8.3621e-34 1.0174e-30 0 0 0 0 0 0 2.64462e-19 2.80376e-09 2.38138e-13 2.04408e-28 0 0.090681 0.335901 0.00814388 3.46664e-12 1.27644e-16 2.57323e-09 3.59407e-08 6.9634e-09 8.71338e-14 4.58734e-10 1.37014e-05 6.83833e-10 0.0301611 0.1578 0.00728923 3.53751e-06 5.06966e-18 1.79757e-09 3.88119e-06 2.47981e-15 1.54054e-05 1.40074e-08 0 0 0.000519609 0.000263045 0 0 0 5.22064e-13 0.125966 0 0 0 0.127061 1.4084e-13 0.984165 
0 0 0 5.38915e-23 2.52231e-09 5.46618e-16 5.97593e-30 0 1.8048e-14 1.09563e-13 5.55025e-06 1.26854e-10 0.00540454 0.00234564 0.00149748 3.98173e-08 3.32201e-05 0 0 0 1.71652e-33 8.36098e-34 1.01734e-30 0 0 0 0 0 0 2.64449e-19 2.80389e-09 2.38139e-13 2.04383e-28 0 0.0906849 0.335882 0.00814386 3.46664e-12 1.27637e-16 2.57291e-09 3.59387e-08 6.96343e-09 8.7129e-14 4.58735e-10 1.37081e-05 6.8414e-10 0.030176 0.157862 0.00729251 3.53766e-06 5.07012e-18 1.79757e-09 3.88147e-06 2.47981e-15 1.54065e-05 1.4008e-08 0 0 0.000519602 0.000263058 0 0 0 5.22087e-13 0.125975 0 0 0 0.127066 1.40832e-13 0.984164 
0 0 0 5.38893e-23 2.52247e-09 5.46627e-16 5.97525e-30 0 1.80492e-14 1.09576e-13 5.55025e-06 1.26847e-10 0.00540456 0.00234533 0.00149739 3.9815e-08 3.32201e-05 0 0 0 1.71651e-33 8.35979e-34 1.01727e-30 0 0 0 0 0 0 2.64434e-19 2.80404e-09 2.3814e-13 2.04357e-28 0 0.0906891 0.335862 0.00814384 3.46664e-12 1.27629e-16 2.57257e-09 3.59366e-08 6.96345e-09 8.7124e-14 4.58736e-10 1.37155e-05 6.84474e-10 0.0301923 0.15793 0.00729608 3.53783e-06 5.07067e-18 1.79757e-09 3.88178e-06 2.47981e-15 1.54077e-05 1.40086e-08 0 0 0.000519595 0.000263073 0 0 0 5.22111e-13 0.125985 0 0 0 0.127072 1.40824e-13 0.984162 
0 0 0 5.38868e-23 2.52265e-09 5.46638e-16 5.97449e-30 0 1.80504e-14 1.0959e-13 5.55025e-06 1.26838e-10 0.00540457 0.00234499 0.00149729 3.98125e-08 3.32202e-05 0 0 0 1.71649e-33 8.35847e-34 1.01719e-30 0 0 0 0 0 0 2.64418e-19 2.80419e-09 2.38141e-13 2.04328e-28 0 0.0906937 0.335839 0.00814382 3.46664e-12 1.27621e-16 2.5722e-09 3.59343e-08 6.96347e-09 8.71184e-14 4.58738e-10 1.37235e-05 6.84838e-10 0.03021 0.158004 0.00729997 3.538e-06 5.07124e-18 1.79757e-09 3.88212e-06 2.4798e-15 1.5409e-05 1.40093e-08 0 0 0.000519586 0.000263091 0 0 0 5.22138e-13 0.125996 0 0 0 0.127079 1.40814e-13 0.984161 
0 0 0 5.38842e-23 2.52284e-09 5.4665e-16 5.97367e-30 0 1.80518e-14 1.09605e-13 5.55025e-06 1.26829e-10 0.0054046 0.00234463 0.00149719 3.98097e-08 3.32203e-05 0 0 0 1.71647e-33 8.35703e-34 1.0171e-30 0 0 0 0 0 0 2.64401e-19 2.80436e-09 2.38142e-13 2.04296e-28 0 0.0906987 0.335815 0.0081438 3.46664e-12 1.27612e-16 2.5718e-09 3.59317e-08 6.9635e-09 8.71123e-14 4.58739e-10 1.37322e-05 6.85233e-10 0.0302292 0.158084 0.0073042 3.5382e-06 5.07187e-18 1.79757e-09 3.88248e-06 2.4798e-15 1.54104e-05 1.401e-08 0 0 0.000519576 0.000263111 0 0 0 5.22167e-13 0.126008 0 0 0 0.127085 1.40804e-13 0.984159 
0 0 0 5.38813e-23 2.52305e-09 5.46662e-16 5.97279e-30 0 1.80534e-14 1.09622e-13 5.55025e-06 1.26819e-10 0.00540462 0.00234423 0.00149707 3.98067e-08 3.32204e-05 0 0 0 1.71645e-33 8.35549e-34 1.01701e-30 0 0 0 0 0 0 2.64382e-19 2.80455e-09 2.38143e-13 2.04263e-28 0 0.090704 0.335788 0.00814377 3.46664e-12 1.27602e-16 2.57136e-09 3.5929e-08 6.96353e-09 8.71059e-14 4.5874e-10 1.37416e-05 6.85661e-10 0.03025 0.158171 0.00730877 3.53841e-06 5.07258e-18 1.79757e-09 3.88288e-06 2.47979e-15 1.54119e-05 1.40108e-08 0 0 0.000519565 0.000263133 0 0 0 5.22199e-13 0.126021 0 0 0 0.127093 1.40793e-13 0.984157 
0 0 0 5.38782e-23 2.52328e-09 5.46675e-16 5.97183e-30 0 1.8055e-14 1.0964e-13 5.55025e-06 1.26809e-10 0.00540464 0.0023438 0.00149695 3.98035e-08 3.32205e-05 0 0 0 1.71642e-33 8.3538e-34 1.0169e-30 0 0 0 0 0 0 2.64362e-19 2.80475e-09 2.38145e-13 2.04226e-28 0 0.0907098 0.335759 0.00814374 3.46664e-12 1.27591e-16 2.57089e-09 3.59261e-08 6.96356e-09 8.70988e-14 4.58742e-10 1.37517e-05 6.86124e-10 0.0302725 0.158266 0.00731372 3.53863e-06 5.08044e-18 1.79758e-09 3.88331e-06 2.47979e-15 1.54136e-05 1.40116e-08 0 0 0.000519553 0.000263158 0 0 0 5.22233e-13 0.126035 0 0 0 0.127101 1.40781e-13 0.984155 
0 0 0 5.38754e-23 2.52349e-09 5.46688e-16 5.97094e-30 0 1.80565e-14 1.09656e-13 5.55025e-06 1.26799e-10 0.00540466 0.00234341 0.00149684 3.98005e-08 3.32206e-05 0 0 0 1.71639e-33 8.35219e-34 1.0168e-30 0 0 0 0 0 0 2.64343e-19 2.80493e-09 2.38146e-13 2.04192e-28 0 0.0907152 0.335733 0.00814373 3.46664e-12 1.27581e-16 2.57046e-09 3.59234e-08 6.96359e-09 8.70923e-14 4.58743e-10 1.3761e-05 6.86544e-10 0.030293 0.158351 0.00731822 3.53884e-06 5.07396e-18 1.79758e-09 3.88369e-06 2.47978e-15 1.5415e-05 1.40124e-08 0 0 0.000519539 0.000263187 0 0 0 5.22264e-13 0.126048 0 0 0 0.127108 1.4077e-13 0.984153 
0 0 0 5.38729e-23 2.52367e-09 5.46699e-16 5.97018e-30 0 1.80578e-14 1.0952e-13 5.55025e-06 1.2679e-10 0.00540468 0.00234306 0.00149674 3.9798e-08 3.32207e-05 0 0 0 1.71635e-33 8.35075e-34 1.01671e-30 0 0 0 0 0 0 2.64327e-19 2.80508e-09 2.38147e-13 2.04163e-28 0 0.0907198 0.33571 0.0081437 3.46664e-12 1.27573e-16 2.57008e-09 3.5921e-08 6.96361e-09 8.70867e-14 4.58744e-10 1.37691e-05 6.86914e-10 0.030311 0.158426 0.00732217 3.53902e-06 5.06222e-18 1.79758e-09 3.88404e-06 2.47978e-15 1.54164e-05 1.40131e-08 0 0 0.000519523 0.000263219 0 0 0 5.22291e-13 0.126059 0 0 0 0.127115 1.40761e-13 0.984151 
0 0 0 5.38699e-23 2.52389e-09 5.46712e-16 5.96925e-30 0 1.80594e-14 1.09687e-13 5.55025e-06 1.2678e-10 0.00540471 0.00234265 0.00149662 3.97949e-08 3.32208e-05 0 0 0 1.71631e-33 8.34904e-34 1.0166e-30 0 0 0 0 0 0 2.64308e-19 2.80528e-09 2.38148e-13 2.04127e-28 0 0.0907254 0.335683 0.00814368 3.46664e-12 1.27562e-16 2.56963e-09 3.59182e-08 6.96364e-09 8.70798e-14 4.58746e-10 1.3779e-05 6.87363e-10 0.0303329 0.158517 0.00732697 3.53924e-06 5.07529e-18 1.79758e-09 3.88445e-06 2.47977e-15 1.5418e-05 1.40139e-08 0 0 0.000519506 0.000263253 0 0 0 5.22324e-13 0.126073 0 0 0 0.127122 1.4075e-13 0.984149 
0 0 0 5.38663e-23 2.52415e-09 5.46727e-16 5.96812e-30 0 1.80613e-14 1.09708e-13 5.55025e-06 1.26767e-10 0.00540473 0.00234215 0.00149648 3.97911e-08 3.32209e-05 0 0 0 1.71627e-33 8.347e-34 1.01647e-30 0 0 0 0 0 0 2.64284e-19 2.80551e-09 2.3815e-13 2.04084e-28 0 0.0907324 0.33565 0.00814366 3.46664e-12 1.2755e-16 2.56908e-09 3.59147e-08 6.96368e-09 8.70716e-14 4.58747e-10 1.37908e-05 6.87901e-10 0.0303591 0.158627 0.00733273 3.5395e-06 5.07614e-18 1.79758e-09 3.88495e-06 2.47977e-15 1.54199e-05 1.40149e-08 0 0 0.000519489 0.000263289 0 0 0 5.22364e-13 0.126089 0 0 0 0.127132 1.40736e-13 0.984147 
0 0 0 5.3862e-23 2.52447e-09 5.46746e-16 5.9668e-30 0 1.80636e-14 1.09732e-13 5.55025e-06 1.26753e-10 0.00540477 0.00234156 0.00149631 3.97866e-08 3.32211e-05 0 0 0 1.71623e-33 8.34464e-34 1.01633e-30 0 0 0 0 0 0 2.64256e-19 2.80578e-09 2.38152e-13 2.04034e-28 0 0.0907407 0.335611 0.00814364 3.46664e-12 1.27535e-16 2.56843e-09 3.59107e-08 6.96372e-09 8.70618e-14 4.58749e-10 1.38049e-05 6.8854e-10 0.0303902 0.158756 0.00733956 3.53982e-06 5.0772e-18 1.79759e-09 3.88554e-06 2.47976e-15 1.54222e-05 1.40161e-08 0 0 0.00051947 0.000263327 0 0 0 5.22411e-13 0.126109 0 0 0 0.127143 1.40719e-13 0.984144 
0 0 0 5.38571e-23 2.52483e-09 5.46768e-16 5.96525e-30 0 1.80662e-14 1.09761e-13 5.55025e-06 1.26735e-10 0.00540481 0.00234086 0.00149611 3.97814e-08 3.32212e-05 0 0 0 1.71619e-33 8.34191e-34 1.01616e-30 0 0 0 0 0 0 2.64223e-19 2.8061e-09 2.38154e-13 2.03974e-28 0 0.0907497 0.335563 0.00814356 3.46664e-12 1.27517e-16 2.56767e-09 3.59059e-08 6.96377e-09 8.70504e-14 4.58752e-10 1.38215e-05 6.89295e-10 0.030427 0.15891 0.00734763 3.54019e-06 5.07838e-18 1.79759e-09 3.88624e-06 2.47975e-15 1.54248e-05 1.40175e-08 0 0 0.00051945 0.000263367 0 0 0 5.22466e-13 0.126131 0 0 0 0.127156 1.407e-13 0.98414 
0 0 0 5.38513e-23 2.52525e-09 5.46793e-16 5.96347e-30 0 1.80693e-14 1.09794e-13 5.55025e-06 1.26716e-10 0.00540485 0.00234007 0.00149588 3.97754e-08 3.32214e-05 0 0 0 1.71615e-33 8.33881e-34 1.01597e-30 0 0 0 0 0 0 2.64186e-19 2.80647e-09 2.38156e-13 2.03906e-28 0 0.0907605 0.33551 0.00814352 3.46664e-12 1.27498e-16 2.56679e-09 3.59004e-08 6.96383e-09 8.70373e-14 4.58754e-10 1.38403e-05 6.90152e-10 0.0304687 0.159084 0.0073568 3.5406e-06 5.07974e-18 1.79759e-09 3.88703e-06 2.47974e-15 1.54279e-05 1.40191e-08 0 0 0.000519429 0.000263409 0 0 0 5.22529e-13 0.126157 0 0 0 0.127171 1.40678e-13 0.984137 
0 0 0 5.38453e-23 2.5257e-09 5.46819e-16 5.96161e-30 0 1.80725e-14 1.09828e-13 5.55025e-06 1.26695e-10 0.0054049 0.00233923 0.00149564 3.97692e-08 3.32216e-05 0 0 0 1.71611e-33 8.33556e-34 1.01578e-30 0 0 0 0 0 0 2.64146e-19 2.80686e-09 2.38159e-13 2.03835e-28 0 0.0907718 0.335454 0.00814346 3.46664e-12 1.27477e-16 2.56588e-09 3.58947e-08 6.96389e-09 8.70236e-14 4.58757e-10 1.38601e-05 6.91054e-10 0.0305126 0.159267 0.00736644 3.54104e-06 5.08118e-18 1.7976e-09 3.88786e-06 2.47973e-15 1.54311e-05 1.40207e-08 0 0 0.000519407 0.000263453 0 0 0 5.22596e-13 0.126185 0 0 0 0.127186 1.40655e-13 0.984132 
0 0 0 5.38389e-23 2.52617e-09 5.46847e-16 5.95962e-30 0 1.80759e-14 1.09865e-13 5.55025e-06 1.26673e-10 0.00540495 0.00233834 0.00149539 3.97625e-08 3.32219e-05 0 0 0 1.71606e-33 8.3321e-34 1.01557e-30 0 0 0 0 0 0 2.64105e-19 2.80727e-09 2.38161e-13 2.03759e-28 0 0.0907838 0.335395 0.00814341 3.46664e-12 1.27454e-16 2.5649e-09 3.58886e-08 6.96395e-09 8.7009e-14 4.5876e-10 1.38813e-05 6.92013e-10 0.0305594 0.159462 0.0073767 3.54151e-06 5.08269e-18 1.7976e-09 3.88874e-06 2.47972e-15 1.54345e-05 1.40225e-08 0 0 0.000519384 0.0002635 0 0 0 5.22666e-13 0.126214 0 0 0 0.127203 1.4063e-13 0.984128 
0 0 0 5.38321e-23 2.52666e-09 5.46877e-16 5.95752e-30 0 1.80795e-14 1.09904e-13 5.55025e-06 1.26649e-10 0.005405 0.00233741 0.00149512 3.97554e-08 3.32221e-05 0 0 0 1.71602e-33 8.32846e-34 1.01535e-30 0 0 0 0 0 0 2.6406e-19 2.8077e-09 2.38164e-13 2.03679e-28 0 0.0907966 0.335332 0.00814335 3.46664e-12 1.27431e-16 2.56388e-09 3.58822e-08 6.96402e-09 8.69935e-14 4.58764e-10 1.39037e-05 6.93032e-10 0.0306091 0.159669 0.0073876 3.54201e-06 5.08434e-18 1.7976e-09 3.88968e-06 2.47971e-15 1.54381e-05 1.40244e-08 0 0 0.000519361 0.000263548 0 0 0 5.22741e-13 0.126244 0 0 0 0.12722 1.40605e-13 0.984123 
0 0 0 5.38249e-23 2.52719e-09 5.46908e-16 5.95529e-30 0 1.80833e-14 1.09945e-13 5.55025e-06 1.26624e-10 0.00540505 0.00233641 0.00149483 3.97479e-08 3.32224e-05 0 0 0 1.71597e-33 8.32459e-34 1.01512e-30 0 0 0 0 0 0 2.64013e-19 2.80817e-09 2.38167e-13 2.03593e-28 0 0.0908101 0.335266 0.00814329 3.46664e-12 1.27406e-16 2.56278e-09 3.58753e-08 6.96409e-09 8.69771e-14 4.58767e-10 1.39275e-05 6.94113e-10 0.0306618 0.159888 0.00739916 3.54254e-06 5.08604e-18 1.79761e-09 3.89068e-06 2.47969e-15 1.5442e-05 1.40263e-08 0 0 0.000519336 0.000263599 0 0 0 5.2282e-13 0.126277 0 0 0 0.127239 1.40577e-13 0.984119 
0 0 0 5.38173e-23 2.52775e-09 5.46942e-16 5.95292e-30 0 1.80874e-14 1.09843e-13 5.55025e-06 1.26598e-10 0.00540511 0.00233535 0.00149453 3.97399e-08 3.32226e-05 0 0 0 1.71592e-33 8.3205e-34 1.01487e-30 0 0 0 0 0 0 2.63963e-19 2.80866e-09 2.38171e-13 2.03503e-28 0 0.0908245 0.335195 0.00814322 3.46664e-12 1.27379e-16 2.56162e-09 3.5868e-08 6.96417e-09 8.69597e-14 4.58771e-10 1.39527e-05 6.95257e-10 0.0307176 0.16012 0.0074114 3.5431e-06 5.07584e-18 1.79761e-09 3.89173e-06 2.47968e-15 1.5446e-05 1.40284e-08 0 0 0.00051931 0.000263651 0 0 0 5.22904e-13 0.126312 0 0 0 0.127259 1.40548e-13 0.984113 
0 0 0 5.38093e-23 2.52834e-09 5.46977e-16 5.95044e-30 0 1.80916e-14 1.10036e-13 5.55025e-06 1.2657e-10 0.00540518 0.00233424 0.00149421 3.97316e-08 3.32229e-05 0 0 0 1.71587e-33 8.3162e-34 1.01462e-30 0 0 0 0 0 0 2.63911e-19 2.80917e-09 2.38174e-13 2.03407e-28 0 0.0908396 0.335121 0.00814315 3.46664e-12 1.27351e-16 2.5604e-09 3.58604e-08 6.96425e-09 8.69413e-14 4.58775e-10 1.39793e-05 6.96467e-10 0.0307766 0.160365 0.00742434 3.54369e-06 5.08979e-18 1.79762e-09 3.89285e-06 2.47967e-15 1.54503e-05 1.40307e-08 0 0 0.000519283 0.000263705 0 0 0 5.22993e-13 0.126348 0 0 0 0.12728 1.40517e-13 0.984108 
0 0 0 5.38008e-23 2.52897e-09 5.47014e-16 5.94781e-30 0 1.80962e-14 1.10084e-13 5.55025e-06 1.26541e-10 0.00540524 0.00233306 0.00149388 3.97227e-08 3.32232e-05 0 0 0 1.71582e-33 8.31167e-34 1.01435e-30 0 0 0 0 0 0 2.63855e-19 2.80972e-09 2.38178e-13 2.03307e-28 0 0.0908556 0.335042 0.00814308 3.46664e-12 1.27322e-16 2.55911e-09 3.58523e-08 6.96433e-09 8.6922e-14 4.58779e-10 1.40075e-05 6.97745e-10 0.030839 0.160624 0.00743801 3.54431e-06 5.09182e-18 1.79762e-09 3.89403e-06 2.47965e-15 1.54549e-05 1.4033e-08 0 0 0.000519255 0.000263762 0 0 0 5.23087e-13 0.126387 0 0 0 0.127302 1.40484e-13 0.984102 
0 0 0 5.37919e-23 2.52963e-09 5.47053e-16 5.94503e-30 0 1.81009e-14 1.10135e-13 5.55025e-06 1.2651e-10 0.00540531 0.00233182 0.00149352 3.97134e-08 3.32235e-05 0 0 0 1.71577e-33 8.3069e-34 1.01406e-30 0 0 0 0 0 0 2.63797e-19 2.81029e-09 2.38182e-13 2.03201e-28 0 0.0908724 0.334959 0.008143 3.46664e-12 1.27291e-16 2.55775e-09 3.58438e-08 6.96442e-09 8.69016e-14 4.58783e-10 1.40371e-05 6.99088e-10 0.0309046 0.160896 0.00745237 3.54496e-06 5.09392e-18 1.79763e-09 3.89526e-06 2.47964e-15 1.54596e-05 1.40355e-08 0 0 0.000519227 0.000263819 0 0 0 5.23185e-13 0.126427 0 0 0 0.127325 1.4045e-13 0.984096 
0 0 0 5.37825e-23 2.53031e-09 5.47094e-16 5.94214e-30 0 1.81059e-14 1.10189e-13 5.55025e-06 1.26478e-10 0.00540539 0.00233053 0.00149315 3.97036e-08 3.32238e-05 0 0 0 1.71572e-33 8.30194e-34 1.01377e-30 0 0 0 0 0 0 2.63736e-19 2.81089e-09 2.38186e-13 2.0309e-28 0 0.0908901 0.334873 0.00814292 3.46664e-12 1.27258e-16 2.55633e-09 3.58349e-08 6.96452e-09 8.68802e-14 4.58787e-10 1.40681e-05 7.00496e-10 0.0309733 0.161181 0.00746743 3.54565e-06 5.09614e-18 1.79763e-09 3.89655e-06 2.47962e-15 1.54646e-05 1.4038e-08 0 0 0.000519198 0.000263879 0 0 0 5.23288e-13 0.12647 0 0 0 0.127349 1.40414e-13 0.98409 
0 0 0 5.37735e-23 2.53098e-09 5.47134e-16 5.93933e-30 0 1.81107e-14 1.10241e-13 5.55026e-06 1.26447e-10 0.00540546 0.00232927 0.00149279 3.96942e-08 3.32241e-05 0 0 0 1.71567e-33 8.2971e-34 1.01348e-30 0 0 0 0 0 0 2.63676e-19 2.81148e-09 2.3819e-13 2.02983e-28 0 0.0909071 0.334788 0.00814284 3.46664e-12 1.27227e-16 2.55495e-09 3.58262e-08 6.96461e-09 8.68595e-14 4.58792e-10 1.40983e-05 7.01866e-10 0.0310402 0.161459 0.00748208 3.54631e-06 5.09831e-18 1.79764e-09 3.89781e-06 2.4796e-15 1.54694e-05 1.40405e-08 0 0 0.000519168 0.000263939 0 0 0 5.23388e-13 0.126511 0 0 0 0.127373 1.40379e-13 0.984083 
0 0 0 5.37643e-23 2.53166e-09 5.47174e-16 5.9365e-30 0 1.81156e-14 1.10294e-13 5.55026e-06 1.26415e-10 0.00540553 0.002328 0.00149243 3.96846e-08 3.32244e-05 0 0 0 1.71561e-33 8.29221e-34 1.01318e-30 0 0 0 0 0 0 2.63616e-19 2.81207e-09 2.38193e-13 2.02874e-28 0 0.0909244 0.334704 0.00814276 3.46664e-12 1.27195e-16 2.55356e-09 3.58175e-08 6.9647e-09 8.68386e-14 4.58796e-10 1.41289e-05 7.0325e-10 0.0311079 0.161739 0.00749689 3.54699e-06 5.10052e-18 1.79764e-09 3.89908e-06 2.47959e-15 1.54743e-05 1.40431e-08 0 0 0.000519137 0.000264001 0 0 0 5.2349e-13 0.126553 0 0 0 0.127396 1.40344e-13 0.984077 
0 0 0 5.37549e-23 2.53235e-09 5.47216e-16 5.93358e-30 0 1.81206e-14 1.10349e-13 5.55026e-06 1.26382e-10 0.0054056 0.0023267 0.00149205 3.96748e-08 3.32248e-05 0 0 0 1.71556e-33 8.28719e-34 1.01288e-30 0 0 0 0 0 0 2.63555e-19 2.81267e-09 2.38197e-13 2.02763e-28 0 0.0909421 0.334616 0.00814268 3.46664e-12 1.27162e-16 2.55213e-09 3.58085e-08 6.96479e-09 8.68171e-14 4.58801e-10 1.41603e-05 7.04674e-10 0.0311774 0.162027 0.00751211 3.54768e-06 5.10277e-18 1.79765e-09 3.90039e-06 2.47957e-15 1.54794e-05 1.40457e-08 0 0 0.000519107 0.000264063 0 0 0 5.23594e-13 0.126596 0 0 0 0.127421 1.40308e-13 0.984071 
0 0 0 5.44499e-23 2.60262e-09 5.58446e-16 5.96229e-30 0 1.8624e-14 1.14851e-13 5.55026e-06 1.25434e-10 0.00533798 0.0022911 0.00148095 3.93808e-08 3.32281e-05 0 0 0 1.69423e-33 8.16103e-34 1.00542e-30 0 0 0 0 0 0 2.61638e-19 2.83307e-09 2.38238e-13 1.99681e-28 0 0.0915831 0.336346 0.00824613 3.46664e-12 1.26208e-16 2.51309e-09 3.55421e-08 6.87767e-09 8.61739e-14 4.58846e-10 1.43857e-05 7.10856e-10 0.0312774 0.162243 0.00757854 3.57267e-06 5.2336e-18 1.7977e-09 3.95376e-06 2.4794e-15 1.56897e-05 1.41432e-08 0 0 0.000519076 0.000264127 0 0 0 5.20634e-13 0.12671 0 0 0 0.128314 1.39255e-13 0.984005 
0 0 0 8.50898e-23 5.90873e-09 1.05275e-15 7.69989e-30 0 4.22954e-14 3.75335e-13 5.55032e-06 1.03907e-10 0.00354023 0.00157067 0.00122767 3.2656e-08 3.32627e-05 0 0 0 1.12505e-33 5.60184e-34 8.34516e-31 0 0 0 0 0 0 2.17254e-19 3.41764e-09 2.38639e-13 1.37023e-28 0 0.0927005 0.353599 0.0104577 3.46668e-12 1.04548e-16 1.72286e-09 2.94635e-08 4.56138e-09 7.14584e-14 4.59324e-10 2.08762e-05 8.56573e-10 0.0301025 0.162179 0.00913857 4.30094e-06 1.08512e-17 1.79829e-09 5.71854e-06 2.47766e-15 2.26695e-05 1.70087e-08 0 0 0.00051905 0.000264194 0 0 0 4.15247e-13 0.12142 0 0 0 0.154422 1.15356e-13 0.983326 
0 0 0 2.11253e-22 2.82181e-08 3.61936e-15 1.38262e-29 0 2.02058e-13 3.48142e-12 5.5504e-06 7.49778e-11 0.00156842 0.000820996 0.000886557 2.35904e-08 3.33003e-05 0 0 0 4.98328e-34 0 6.02522e-31 0 0 0 0 0 0 1.56929e-19 4.74866e-09 2.38703e-13 7.15849e-29 0 0.081045 0.363042 0.0148684 3.46673e-12 7.54405e-17 9.00543e-10 2.12769e-08 2.02082e-09 5.1621e-14 4.59843e-10 4.0472e-05 1.19547e-09 0.0258541 0.163578 0.0127641 5.97186e-06 4.09624e-17 1.79893e-09 1.10553e-05 2.47578e-15 4.37765e-05 2.35903e-08 0 0 0.000519024 0.000264264 0 0 0 2.55148e-13 0.103876 0 0 0 0.214342 8.32395e-14 0.982589 
0 0 0 5.13213e-22 1.19166e-07 1.15744e-14 2.55516e-29 0 8.53645e-13 2.58013e-11 5.55048e-06 5.69076e-11 0.000728901 0.000474888 0.000673505 1.79286e-08 3.33447e-05 0 0 0 0 0 4.50698e-31 0 0 0 0 0 0 1.17447e-19 6.17789e-09 2.35163e-13 4.07549e-29 0 0.0672731 0.37337 0.0201289 3.46678e-12 5.72588e-17 5.209e-10 1.61638e-08 9.39146e-10 3.92317e-14 4.60457e-10 7.08219e-05 1.58414e-09 0.0210253 0.164818 0.0169294 7.88229e-06 1.26259e-16 1.79969e-09 1.93135e-05 2.47355e-15 7.63763e-05 3.10959e-08 0 0 0.000518999 0.000264336 0 0 0 1.56301e-13 0.084223 0 0 0 0.282797 6.31781e-14 0.981723 
0 0 0 9.36239e-22 2.98652e-07 2.47216e-14 3.98468e-29 0 2.14e-12 8.94013e-11 5.55055e-06 4.85738e-11 0.000442203 0.00034696 0.000575251 1.53175e-08 3.33767e-05 0 0 0 0 0 3.57848e-31 0 0 0 0 0 0 9.32877e-20 6.74133e-09 2.18696e-13 2.76726e-29 0 0.0571232 0.380649 0.0240267 3.46682e-12 4.88736e-17 3.80577e-10 1.38057e-08 5.69753e-10 3.35181e-14 4.60898e-10 9.76314e-05 1.86115e-09 0.0175838 0.165496 0.0199028 9.24555e-06 2.41491e-16 1.80023e-09 2.66217e-05 2.47196e-15 0.000105177 3.64395e-08 0 0 0.000518971 0.000264407 0 0 0 1.11117e-13 0.0703628 0 0 0 0.331611 5.3926e-14 0.981102 
0 0 0 1.22287e-21 4.41918e-07 3.43516e-14 4.89438e-29 0 3.16698e-12 1.50311e-10 5.55058e-06 4.56463e-11 0.000356056 0.000306788 0.000540734 1.44002e-08 3.33904e-05 0 0 0 0 0 3.02802e-31 0 0 0 0 0 0 7.89539e-20 6.46365e-09 1.96909e-13 2.20247e-29 0 0.0525183 0.383766 0.0257699 3.46684e-12 4.5928e-17 3.36513e-10 1.29773e-08 4.58757e-10 3.15107e-14 4.61087e-10 0.000110649 1.98077e-09 0.0160459 0.16561 0.0211879 9.84404e-06 3.11591e-16 1.80046e-09 3.02058e-05 2.47128e-15 0.00011929 3.87827e-08 0 0 0.00051894 0.000264476 0 0 0 9.52223e-14 0.0642566 0 0 0 0.353033 5.0676e-14 0.980837 
0 0 0 1.37702e-21 5.24247e-07 3.96942e-14 5.3719e-29 0 3.75718e-12 1.88108e-10 5.55059e-06 4.44769e-11 0.000323709 0.000291435 0.000526944 1.40337e-08 3.33962e-05 0 0 0 0 0 2.69935e-31 0 0 0 0 0 0 7.03928e-20 6.07107e-09 1.80152e-13 1.91396e-29 0 0.05048 0.385176 0.0265415 3.46685e-12 4.47514e-17 3.19672e-10 1.26464e-08 4.1708e-10 3.07088e-14 4.61168e-10 0.000116506 2.03152e-09 0.0153604 0.165541 0.0217334 1.01055e-05 3.46591e-16 1.80056e-09 3.18442e-05 2.47099e-15 0.000125738 3.98059e-08 0 0 0.000518908 0.000264545 0 0 0 8.88555e-14 0.0615769 0 0 0 0.362391 4.93778e-14 0.980723 
0 0 0 1.46532e-21 5.72892e-07 4.27998e-14 5.64203e-29 0 4.10592e-12 2.11242e-10 5.5506e-06 4.38918e-11 0.000308036 0.000283898 0.000520045 1.38504e-08 3.33993e-05 0 0 0 0 0 2.48999e-31 0 0 0 0 0 0 6.49394e-20 5.75164e-09 1.68401e-13 1.74273e-29 0 0.0494344 0.386016 0.0269522 3.46685e-12 4.41627e-17 3.11405e-10 1.24808e-08 3.96886e-10 3.03076e-14 4.61211e-10 0.000119551 2.05686e-09 0.0149987 0.165422 0.0220059 1.02416e-05 3.66554e-16 1.80061e-09 3.27137e-05 2.47083e-15 0.00012916 4.0338e-08 0 0 0.000518875 0.000264613 0 0 0 8.56836e-14 0.0601899 0 0 0 0.367259 4.87282e-14 0.980663 
0 0 0 1.52018e-21 6.03769e-07 4.47505e-14 5.80793e-29 0 4.3273e-12 2.26649e-10 5.5506e-06 4.35485e-11 0.000299133 0.000279519 0.000515999 1.37428e-08 3.34013e-05 0 0 0 0 0 2.34844e-31 0 0 0 0 0 0 6.12529e-20 5.51119e-09 1.60087e-13 1.63107e-29 0 0.0488467 0.386661 0.0272091 3.46686e-12 4.38173e-17 3.06601e-10 1.23837e-08 3.85415e-10 3.00723e-14 4.61238e-10 0.000121346 2.07125e-09 0.0147838 0.165289 0.0221607 1.03228e-05 3.79782e-16 1.80065e-09 3.32382e-05 2.47073e-15 0.000131222 4.06558e-08 0 0 0.000518842 0.00026468 0 0 0 8.38624e-14 0.0593837 0 0 0 0.370167 4.83471e-14 0.980625 
0 0 0 1.55625e-21 6.24535e-07 4.60494e-14 5.91503e-29 0 4.47619e-12 2.36461e-10 5.5506e-06 4.33231e-11 0.000293564 0.000276651 0.000513343 1.36723e-08 3.34028e-05 0 0 0 0 0 2.2486e-31 0 0 0 0 0 0 5.86535e-20 5.33227e-09 1.54086e-13 1.55378e-29 0 0.0485091 0.387252 0.0273916 3.46686e-12 4.35905e-17 3.03456e-10 1.232e-08 3.7824e-10 2.9918e-14 4.61259e-10 0.000122509 2.08025e-09 0.0146476 0.165158 0.0222577 1.03765e-05 3.86511e-16 1.80067e-09 3.35855e-05 2.47066e-15 0.000132588 4.08653e-08 0 0 0.000518809 0.000264747 0 0 0 8.27253e-14 0.0588846 0 0 0 0.372086 4.80968e-14 0.980596 
0 0 0 1.58158e-21 6.39403e-07 4.69718e-14 5.98891e-29 0 4.5828e-12 2.43871e-10 5.55061e-06 4.31625e-11 0.000289775 0.000274614 0.000511454 1.36221e-08 3.3404e-05 0 0 0 0 0 2.17453e-31 0 0 0 0 0 0 5.67255e-20 5.19522e-09 1.49572e-13 1.49711e-29 0 0.048305 0.3878 0.0275317 3.46686e-12 4.34289e-17 3.01221e-10 1.22746e-08 3.73358e-10 2.98082e-14 4.61276e-10 0.000123314 2.0862e-09 0.0145536 0.165025 0.0223219 1.04148e-05 3.92673e-16 1.80069e-09 3.38337e-05 2.4706e-15 0.000133563 4.10146e-08 0 0 0.000518777 0.000264814 0 0 0 8.1956e-14 0.058552 0 0 0 0.373455 4.79185e-14 0.980573 
0 0 0 1.60009e-21 6.5056e-07 4.76568e-14 6.0414e-29 0 4.66281e-12 2.49493e-10 5.55061e-06 4.30391e-11 0.000287052 0.000273046 0.000510002 1.35836e-08 3.34051e-05 0 0 0 0 0 2.11747e-31 0 0 0 0 0 0 5.52412e-20 5.088e-09 1.46073e-13 1.4537e-29 0 0.0481893 0.388346 0.0276489 3.46686e-12 4.33047e-17 2.99502e-10 1.22398e-08 3.6985e-10 2.97238e-14 4.61291e-10 0.000123915 2.09046e-09 0.014487 0.164896 0.022368 1.04441e-05 3.96558e-16 1.80071e-09 3.40231e-05 2.47054e-15 0.000134306 4.11286e-08 0 0 0.000518745 0.00026488 0 0 0 8.14113e-14 0.0583245 0 0 0 0.374501 4.77815e-14 0.980552 
0 0 0 1.61403e-21 6.59256e-07 4.81837e-14 6.07934e-29 0 4.72519e-12 2.53933e-10 5.55061e-06 4.29382e-11 0.000285013 0.000271761 0.000508818 1.35522e-08 3.34062e-05 0 0 0 0 0 2.07218e-31 0 0 0 0 0 0 5.40635e-20 5.00253e-09 1.43291e-13 1.41928e-29 0 0.0481366 0.388909 0.0277535 3.46686e-12 4.32032e-17 2.98092e-10 1.22114e-08 3.67222e-10 2.96551e-14 4.61305e-10 0.000124393 2.09374e-09 0.0144396 0.164775 0.0224036 1.04678e-05 4.00049e-16 1.80073e-09 3.41762e-05 2.47049e-15 0.000134907 4.12208e-08 0 0 0.000518713 0.000264944 0 0 0 8.10141e-14 0.0581689 0 0 0 0.375349 4.76695e-14 0.980531 
0 0 0 1.62474e-21 6.66261e-07 4.86012e-14 6.10674e-29 0 4.77544e-12 2.57559e-10 5.55061e-06 4.28511e-11 0.000283438 0.000270647 0.000507796 1.35251e-08 3.34072e-05 0 0 0 0 0 2.03526e-31 0 0 0 0 0 0 5.3104e-20 4.93321e-09 1.41031e-13 1.39114e-29 0 0.0481326 0.389503 0.0278518 3.46686e-12 4.31155e-17 2.96869e-10 1.21869e-08 3.65193e-10 2.95959e-14 4.6132e-10 0.000124798 2.09648e-09 0.0144066 0.164663 0.0224334 1.0488e-05 4.02954e-16 1.80075e-09 3.43058e-05 2.47044e-15 0.000135414 4.12992e-08 0 0 0.000518681 0.000265008 0 0 0 8.07197e-14 0.058065 0 0 0 0.376071 4.75728e-14 0.980511 
0 0 0 1.63307e-21 6.72056e-07 4.89391e-14 6.12606e-29 0 4.81703e-12 2.60611e-10 5.55061e-06 4.27723e-11 0.000282192 0.000269635 0.000506874 1.35007e-08 3.34084e-05 0 0 0 0 0 2.00455e-31 0 0 0 0 0 0 5.23064e-20 4.8764e-09 1.39166e-13 1.36757e-29 0 0.0481688 0.390139 0.027948 3.46686e-12 4.30362e-17 2.95759e-10 1.21647e-08 3.63588e-10 2.95424e-14 4.61336e-10 0.000125163 2.09897e-09 0.0143852 0.164563 0.0224606 1.05061e-05 4.05485e-16 1.80077e-09 3.44207e-05 2.47038e-15 0.000135863 4.13689e-08 0 0 0.00051865 0.000265072 0 0 0 8.05006e-14 0.0580014 0 0 0 0.376714 4.74853e-14 0.980489 
0 0 0 1.63922e-21 6.76682e-07 4.92022e-14 6.13845e-29 0 4.85023e-12 2.63093e-10 5.55062e-06 4.2703e-11 0.000281246 0.000268742 0.000506065 1.34793e-08 3.34095e-05 0 0 0 0 0 1.98002e-31 0 0 0 0 0 0 5.167e-20 4.83201e-09 1.37693e-13 1.34858e-29 0 0.0482353 0.39079 0.0280394 3.46687e-12 4.29666e-17 2.9478e-10 1.21453e-08 3.62369e-10 2.94956e-14 4.61351e-10 0.000125473 2.10103e-09 0.0143725 0.164465 0.0224831 1.05217e-05 4.0762e-16 1.80079e-09 3.45194e-05 2.47033e-15 0.000136248 4.14291e-08 0 0 0.00051862 0.000265134 0 0 0 8.03473e-14 0.0579708 0 0 0 0.377271 4.74084e-14 0.980468 
0 0 0 1.64376e-21 6.80454e-07 4.941e-14 6.14552e-29 0 4.87732e-12 2.65163e-10 5.55062e-06 4.264e-11 0.000280518 0.000267926 0.00050533 1.34598e-08 3.34106e-05 0 0 0 0 0 1.96013e-31 0 0 0 0 0 0 5.11543e-20 4.79719e-09 1.36517e-13 1.33298e-29 0 0.0483271 0.391462 0.0281285 3.46687e-12 4.29032e-17 2.93885e-10 1.21277e-08 3.6143e-10 2.9453e-14 4.61367e-10 0.00012575 2.10283e-09 0.0143669 0.164371 0.0225029 1.05357e-05 4.09491e-16 1.80081e-09 3.46072e-05 2.47027e-15 0.00013659 4.14829e-08 0 0 0.00051859 0.000265195 0 0 0 8.02432e-14 0.0579658 0 0 0 0.37777 4.73384e-14 0.980446 
0 0 0 1.64714e-21 6.83613e-07 4.95785e-14 6.14889e-29 0 4.90001e-12 2.66932e-10 5.55062e-06 4.25817e-11 0.000279943 0.000267168 0.000504651 1.34419e-08 3.34117e-05 0 0 0 0 0 1.9436e-31 0 0 0 0 0 0 5.07266e-20 4.76933e-09 1.35557e-13 1.31984e-29 0 0.0484356 0.392145 0.0282155 3.46687e-12 4.28445e-17 2.93054e-10 1.21114e-08 3.6069e-10 2.94138e-14 4.61382e-10 0.000126001 2.10444e-09 0.0143661 0.16428 0.0225207 1.05485e-05 4.11677e-16 1.80082e-09 3.4687e-05 2.47022e-15 0.0001369 4.15319e-08 0 0 0.000518561 0.000265255 0 0 0 8.01735e-14 0.0579784 0 0 0 0.378225 4.72737e-14 0.980424 
0 0 0 1.64957e-21 6.86289e-07 4.97152e-14 6.14898e-29 0 4.91925e-12 2.6847e-10 5.55062e-06 4.25262e-11 0.000279492 0.000266444 0.000504005 1.34248e-08 3.34129e-05 0 0 0 0 0 1.92981e-31 0 0 0 0 0 0 5.03699e-20 4.74734e-09 1.34777e-13 1.30865e-29 0 0.0485615 0.39285 0.0283025 3.46687e-12 4.27886e-17 2.9226e-10 1.20959e-08 3.60109e-10 2.93764e-14 4.61399e-10 0.000126238 2.10598e-09 0.01437 0.164193 0.0225377 1.05606e-05 4.1268e-16 1.80084e-09 3.47614e-05 2.47016e-15 0.000137189 4.15779e-08 0 0 0.000518532 0.000265314 0 0 0 8.0133e-14 0.0580072 0 0 0 0.378653 4.72121e-14 0.980401 
0 0 0 1.65117e-21 6.88579e-07 4.98258e-14 6.14612e-29 0 4.93572e-12 2.69828e-10 5.55063e-06 4.2472e-11 0.000279144 0.000265736 0.000503376 1.34082e-08 3.34141e-05 0 0 0 0 0 1.91826e-31 0 0 0 0 0 0 5.00718e-20 4.73039e-09 1.34147e-13 1.29903e-29 0 0.0487051 0.393584 0.0283909 3.46687e-12 4.27342e-17 2.91483e-10 1.20808e-08 3.59661e-10 2.93401e-14 4.61415e-10 0.000126472 2.10754e-09 0.0143786 0.164113 0.0225549 1.05722e-05 4.1411e-16 1.80087e-09 3.48324e-05 2.4701e-15 0.000137464 4.1622e-08 0 0 0.000518504 0.000265372 0 0 0 8.0118e-14 0.0580511 0 0 0 0.379064 4.7152e-14 0.980377 
0 0 0 1.65207e-21 6.90559e-07 4.99146e-14 6.14053e-29 0 4.94997e-12 2.71043e-10 5.55063e-06 4.24182e-11 0.000278882 0.000265029 0.000502751 1.33917e-08 3.34154e-05 0 0 0 0 0 1.90857e-31 0 0 0 0 0 0 4.98223e-20 4.7178e-09 1.33644e-13 1.29069e-29 0 0.0488671 0.394354 0.0284818 3.46687e-12 4.268e-17 2.90707e-10 1.20658e-08 3.59323e-10 2.9304e-14 4.61433e-10 0.000126708 2.10917e-09 0.014392 0.164041 0.022573 1.05835e-05 4.15462e-16 1.80089e-09 3.49016e-05 2.47003e-15 0.000137732 4.16652e-08 0 0 0.000518476 0.000265428 0 0 0 8.01258e-14 0.0581096 0 0 0 0.379467 4.70922e-14 0.980352 
