Al C Ca Fe H K Mg Na Nit O S Si Zz 
2.24624e-14 0.00789313 0.0420623 6.70081e-15 5.02343 0.0185928 0.0803882 0.00830727 1.6 3.16847 0.0349638 8.62805e-05 2e-17 
2.41004e-07 0.00789313 0.04208 5.73177e-10 5.02343 0.01859 0.0803883 0.00830602 1.6 3.1685 0.0349638 9.4934e-05 2e-17 
3.42074e-06 0.00789313 0.042109 1.96144e-08 5.02344 0.0185897 0.0803883 0.00830589 1.6 3.16856 0.0349639 0.000106182 2e-17 
8.65268e-06 0.00789313 0.042157 8.00526e-08 5.02348 0.0185893 0.0803885 0.00830572 1.6 3.16867 0.034964 0.000123025 2e-17 
1.52862e-05 0.00789313 0.0422233 1.81406e-07 5.02354 0.0185888 0.0803887 0.00830547 1.6 3.16882 0.034964 0.000145621 2e-17 
2.32475e-05 0.00789313 0.042308 3.23863e-07 5.0236 0.0185881 0.0803889 0.00830514 1.6 3.16901 0.0349642 0.000174057 2e-17 
3.25851e-05 0.00789313 0.0424123 5.10256e-07 5.02368 0.0185872 0.0803892 0.00830471 1.6 3.16924 0.0349643 0.000208749 2e-17 
4.34007e-05 0.00789313 0.0425382 7.45152e-07 5.02377 0.0185861 0.0803895 0.0083042 1.6 3.16951 0.0349644 0.000250334 2e-17 
5.5829e-05 0.00789313 0.042688 1.03447e-06 5.02388 0.0185847 0.0803899 0.00830358 1.6 3.16983 0.0349646 0.000299617 2e-17 
7.00341e-05 0.00789313 0.0428649 1.38545e-06 5.02401 0.0185831 0.0803903 0.00830285 1.6 3.17021 0.0349648 0.000357571 2e-17 
8.62057e-05 0.00789313 0.0430724 1.8066e-06 5.02415 0.0185813 0.0803907 0.00830199 1.6 3.17065 0.034965 0.000425333 2e-17 
0.000104563 0.00789313 0.0433146 2.30791e-06 5.02432 0.0185791 0.0803912 0.00830098 1.6 3.17117 0.0349653 0.000504226 2e-17 
0.00012535 0.00789313 0.0435962 2.90088e-06 5.02452 0.0185766 0.0803918 0.00829981 1.6 3.17177 0.0349656 0.000595767 2e-17 
0.000148845 0.00789313 0.0439227 3.59881e-06 5.02475 0.0185736 0.0803925 0.00829845 1.6 3.17246 0.0349659 0.000701702 2e-17 
0.00017536 0.00789313 0.0443003 4.41697e-06 5.02501 0.0185702 0.0803933 0.00829688 1.6 3.17325 0.0349663 0.00082403 2e-17 
0.000205242 0.00789313 0.0447362 5.37283e-06 5.0253 0.0185663 0.0803941 0.00829506 1.6 3.17417 0.0349667 0.000965031 2e-17 
0.000238881 0.00789313 0.0452383 6.4864e-06 5.02564 0.0185618 0.0803951 0.00829296 1.6 3.17522 0.0349672 0.00112731 2e-17 
0.000276712 0.00789313 0.0458162 7.78059e-06 5.02603 0.0185565 0.0803962 0.00829055 1.6 3.17642 0.0349677 0.00131384 2e-17 
0.000319218 0.00789313 0.0464802 9.28149e-06 5.02647 0.0185505 0.0803974 0.00828778 1.6 3.17781 0.0349683 0.00152802 2e-17 
0.000366939 0.00789313 0.0472425 1.10189e-05 5.02697 0.0185437 0.0803988 0.0082846 1.6 3.17939 0.034969 0.0017737 2e-17 
0.000420474 0.00789313 0.0481168 1.30266e-05 5.02755 0.0185357 0.0804003 0.00828094 1.6 3.1812 0.0349697 0.00205528 2e-17 
0.00048049 0.00789313 0.0491186 1.53432e-05 5.0282 0.0185267 0.080402 0.00827676 1.6 3.18327 0.0349706 0.00237776 2e-17 
0.000547726 0.00789313 0.0502657 1.80126e-05 5.02894 0.0185163 0.0804039 0.00827197 1.6 3.18564 0.0349715 0.00274682 2e-17 
0.000623004 0.00789313 0.0515784 2.10844e-05 5.02979 0.0185044 0.0804061 0.00826648 1.6 3.18834 0.0349726 0.00316895 2e-17 
0.000707231 0.00789313 0.0530793 2.4615e-05 5.03074 0.0184908 0.0804085 0.0082602 1.6 3.19142 0.0349738 0.00365147 2e-17 
0.000801412 0.00789313 0.0547946 2.86679e-05 5.03183 0.0184753 0.0804112 0.00825303 1.6 3.19494 0.0349751 0.00420272 2e-17 
0.000906659 0.00789313 0.0567537 3.33153e-05 5.03306 0.0184575 0.0804142 0.00824483 1.6 3.19894 0.0349766 0.00483214 2e-17 
0.00102419 0.00789313 0.0589896 3.86381e-05 5.03446 0.0184373 0.0804176 0.00823547 1.6 3.20351 0.0349783 0.00555039 2e-17 
0.00115535 0.00789313 0.0615403 4.47276e-05 5.03605 0.0184141 0.0804213 0.00822478 1.6 3.2087 0.0349802 0.00636958 2e-17 
0.00130164 0.00789313 0.0644481 5.16864e-05 5.03784 0.0183877 0.0804255 0.0082126 1.6 3.21462 0.0349822 0.00730333 2e-17 
0.00146465 0.00789313 0.0677609 5.96292e-05 5.03988 0.0183576 0.0804302 0.0081987 1.6 3.22134 0.0349846 0.00836702 2e-17 
0.00164619 0.00789313 0.0715324 6.86841e-05 5.04218 0.0183234 0.0804353 0.00818287 1.6 3.22899 0.0349872 0.0095779 2e-17 
0.00184819 0.00789313 0.0758234 7.89947e-05 5.04478 0.0182844 0.0804411 0.00816485 1.6 3.23767 0.0349901 0.0109555 2e-17 
0.00207276 0.00789313 0.080701 9.07189e-05 5.04771 0.01824 0.0804475 0.00814435 1.6 3.24751 0.0349933 0.0125213 2e-17 
0.0023222 0.00789313 0.0862407 0.000104033 5.05103 0.0181895 0.0804546 0.00812104 1.6 3.25868 0.0349969 0.0142997 2e-17 
0.00259899 0.00789313 0.0925262 0.000119129 5.05477 0.0181323 0.0804625 0.00809456 1.6 3.27133 0.0350009 0.0163174 2e-17 
0.00290583 0.00789313 0.0996505 0.000136223 5.05898 0.0180673 0.0804713 0.00806451 1.6 3.28565 0.0350053 0.0186044 2e-17 
0.0032456 0.00789313 0.107505 0.000155545 5.06363 0.0179936 0.080481 0.00803045 1.6 3.30142 0.0350102 0.0211231 2e-17 
0.0036214 0.00789313 0.115882 0.000177352 5.06861 0.0179126 0.0804917 0.00799294 1.6 3.31828 0.0350157 0.0238031 2e-17 
0.00403654 0.00789313 0.124796 0.000201917 5.07398 0.0178266 0.0805035 0.00795301 1.6 3.33626 0.0350217 0.0266477 2e-17 
0.00449452 0.00789313 0.134258 0.000229538 5.07975 0.0177354 0.0805166 0.00791063 1.6 3.35539 0.0350283 0.0296596 2e-17 
0.00499901 0.00789313 0.144279 0.000260535 5.08593 0.0176391 0.080531 0.00786573 1.6 3.3757 0.0350357 0.0328402 2e-17 
0.00555392 0.00789313 0.154864 0.00029525 5.09255 0.0175375 0.0805468 0.0078183 1.6 3.39722 0.0350437 0.0361902 2e-17 
0.00615631 0.00789313 0.166007 0.000334049 5.09958 0.0174308 0.0805639 0.0077683 1.6 3.41993 0.0350525 0.0397091 2e-17 
0.00679285 0.00789313 0.17768 0.000377329 5.10697 0.017319 0.080582 0.00771575 1.6 3.44373 0.0350619 0.0433949 2e-17 
0.00746378 0.00789313 0.189875 0.00042555 5.11471 0.017202 0.0806011 0.00766066 1.6 3.46863 0.0350718 0.0472449 2e-17 
0.00816915 0.00789313 0.202577 0.000479213 5.12279 0.0170801 0.0806212 0.00760306 1.6 3.49458 0.0350822 0.051255 2e-17 
0.00890881 0.00789313 0.215769 0.000538875 5.1312 0.0169534 0.0806421 0.00754301 1.6 3.52157 0.0350932 0.0554199 2e-17 
0.00968239 0.00789313 0.229429 0.000605148 5.13994 0.0168222 0.0806641 0.00748057 1.6 3.54954 0.0351048 0.0597335 2e-17 
0.0104894 0.00789313 0.243534 0.000678713 5.14899 0.0166866 0.0806869 0.00741583 1.6 3.57846 0.035117 0.0641886 2e-17 
0.011329 0.00789313 0.258056 0.000760327 5.15833 0.016547 0.0807107 0.00734889 1.6 3.60828 0.0351298 0.0687775 2e-17 
0.0122003 0.00789313 0.272955 0.000850833 5.16795 0.0164037 0.0807353 0.00727985 1.6 3.63892 0.0351431 0.0734864 2e-17 
0.0131022 0.00789313 0.288177 0.000951182 5.17781 0.0162571 0.0807607 0.0072089 1.6 3.67026 0.0351571 0.0782944 2e-17 
0.0140095 0.00789313 0.303646 0.00106243 5.18779 0.016108 0.0807862 0.00713634 1.6 3.70211 0.0351713 0.0831894 2e-17 
0.0149266 0.00789313 0.319333 0.00118587 5.19789 0.0159569 0.080812 0.00706237 1.6 3.73443 0.0351859 0.0881595 2e-17 
0.0158575 0.00789313 0.335207 0.0013229 5.20812 0.0158041 0.080838 0.00698714 1.6 3.76715 0.0352009 0.0931919 2e-17 
0.0168058 0.00789313 0.351234 0.00147511 5.218 0.0156503 0.0808645 0.00691085 1.6 3.80002 0.0352164 0.0982744 2e-17 
0.0177747 0.00789313 0.367384 0.00164426 5.22471 0.015495 0.0808914 0.00683368 1.6 3.83155 0.0352325 0.103394 2e-17 
0.0187676 0.00789313 0.383624 0.00183231 5.2365 0.0153317 0.080919 0.00675582 1.6 3.86583 0.0352493 0.10854 2e-17 
0.0197876 0.00789313 0.399925 0.00204143 5.24895 0.0151678 0.0809472 0.00667724 1.6 3.90061 0.0352669 0.113699 2e-17 
0.0208382 0.00789313 0.41626 0.00227407 5.26012 0.015004 0.0809761 0.00659816 1.6 3.93487 0.0352853 0.11886 2e-17 
0.0219225 0.00789313 0.432602 0.00253288 5.26951 0.0148413 0.0810059 0.00651892 1.6 3.96832 0.0353046 0.124012 2e-17 
0.0230444 0.00789313 0.448927 0.00282081 5.2781 0.0146804 0.0810365 0.00643985 1.6 4.00142 0.035325 0.129146 2e-17 
0.0242075 0.00789313 0.465214 0.00314111 5.28641 0.0145222 0.0810682 0.00636115 1.6 4.03441 0.0353465 0.134251 2e-17 
0.025416 0.00789313 0.481445 0.00349732 5.29459 0.014367 0.0811009 0.00628296 1.6 4.06732 0.0353693 0.139318 2e-17 
0.0266668 0.00789313 0.49759 0.00388592 5.30269 0.0142149 0.0811347 0.00620543 1.6 4.10014 0.0353933 0.144339 2e-17 
0.0279393 0.00789313 0.513586 0.0042859 5.31069 0.0140651 0.0811691 0.00612867 1.6 4.1327 0.0354177 0.149305 2e-17 
0.0292337 0.00789313 0.529413 0.00469684 5.31862 0.0139176 0.081204 0.0060528 1.6 4.16498 0.0354427 0.154211 2e-17 
0.0305497 0.00789313 0.545053 0.00511827 5.32646 0.0137726 0.0812394 0.00597792 1.6 4.19695 0.0354682 0.15905 2e-17 
0.0318875 0.00789313 0.560491 0.00554964 5.33421 0.0136305 0.0812755 0.00590411 1.6 4.22857 0.0354941 0.163815 2e-17 
0.0332464 0.00789313 0.575713 0.00599026 5.34188 0.0134913 0.0813121 0.00583146 1.6 4.25983 0.0355205 0.168501 2e-17 
0.0345992 0.00789313 0.590666 0.00643941 5.34941 0.013355 0.0813485 0.00576003 1.6 4.29059 0.0355469 0.173105 2e-17 
0.0359438 0.00789313 0.605336 0.00689526 5.3568 0.0132217 0.0813845 0.00568989 1.6 4.32082 0.0355734 0.177621 2e-17 
0.0372748 0.00789313 0.619706 0.00735254 5.36403 0.0130912 0.0814202 0.00562111 1.6 4.35047 0.0355997 0.182047 2e-17 
0.0385942 0.00789313 0.633775 0.00781331 5.37112 0.0129637 0.0814556 0.00555371 1.6 4.37955 0.035626 0.18638 2e-17 
0.0399036 0.00789313 0.647539 0.0082791 5.37806 0.0128396 0.0814906 0.00548775 1.6 4.40805 0.0356522 0.190618 2e-17 
0.0412042 0.00789313 0.660998 0.00875118 5.38485 0.0127188 0.0815253 0.00542325 1.6 4.43597 0.0356783 0.194758 2e-17 
