C/S in solid
492.83
447.259
399.37
344.306
290.697
243.218
202.962
169.517
141.974
119.349
100.747
85.4111
72.7234
62.1838
53.3924
46.0297
39.8397
34.6164
30.194
26.438
23.2387
20.5065
18.1674
16.1606
14.4354
12.9496
11.6679
10.5606
9.60272
8.77303
8.05361
7.42919
6.88671
6.41507
6.00472
5.64746
5.33623
5.07184
4.85279
4.66933
4.51428
4.38226
4.26917
4.17153
4.08628
4.01146
3.94549
3.88707
3.83512
3.78873
3.74714
3.70983
3.67648
3.64614
3.61858
3.59354
3.57087
3.55118
3.53344
3.51692
3.50179
3.48812
3.47589
3.46505
3.45554
3.4472
3.43966
3.43287
3.42678
3.42135
3.41653
3.41205
3.40789
3.40397
3.40032
3.39693
3.39383
